40
195

                   0             652.718             48.5313
                   1             215.651             583.247
                   2             93.1906             189.723
                   3             730.668             341.118
                   4             581.819             553.911
                   5              565.72             101.057
                   6             195.346             384.221
                   7             142.011             180.209
                   8             531.836             526.646
                   9              776.77             103.819
                  10              416.52             471.708
                  11             518.488             124.382
                  12             329.382             455.678
                  13             87.2158             101.864
                  14             211.256             138.696
                  15             676.097             82.8055
                  16             217.385             210.976
                  17             129.872             147.995
                  18             560.395             15.0154
                  19             487.518             63.8383
                  20              580.41             81.5289
                  21              531.98             322.781
                  22             718.522             436.393
                  23             506.333             73.8054
                  24             335.299              38.107
                  25             343.124              377.83
                  26             415.547             86.4896
                  27             775.666             327.398
                  28             141.045             273.357
                  29             557.475             252.613
                  30             773.297             276.631
                  31             453.646              187.57
                  32              652.05             505.127
                  33             196.825             280.166
                  34             33.4185             467.447
                  35             207.602             219.138
                  36             518.438             442.069
                  37             243.669             403.425
                  38             262.719             581.023
                  39             532.481             6.49617



    9    0
    0   15
   15    9
   14    7
    7   16
   16   14
    2    7
    7   17
   17    2
   13    2
    2   17
   17   13
    7   14
   14   17
   17    7
   14   13
   13   17
   17   14
    5   15
   15   20
   20    5
   15    0
    0   20
   20   15
    0   18
   18   20
   20    0
    3   21
   21   22
   22    3
   11    5
    5   23
   23   11
   19   11
   11   23
   23   19
   20   18
   18   23
   23   20
    5   20
   20   23
   23    5
   13   14
   14   24
   24   13
   12   10
   10   25
   25   12
   14   16
   16   26
   26   14
   24   14
   14   26
   26   24
   11   19
   19   26
   26   11
   19   24
   24   26
   26   19
    3   22
   22   27
   27    3
    7    2
    2   28
   28    7
   15    5
    5   29
   29   15
   21    3
    3   29
   29   21
    5   11
   11   29
   29    5
    9   15
   15   30
   30    9
    3   27
   27   30
   30    3
   27    9
    9   30
   30   27
   15   29
   29   30
   30   15
   29    3
    3   30
   30   29
   16   25
   25   31
   31   16
   26   16
   16   31
   31   26
   25   21
   21   31
   31   25
   11   26
   26   31
   31   11
   29   11
   11   31
   31   29
   21   29
   29   31
   31   21
    8    4
    4   32
   32    8
   25   16
   16   33
   33   25
   28    6
    6   33
   33   28
    2   13
   13   34
   34    2
   28    2
    2   34
   34   28
    1    6
    6   34
   34    1
    6   28
   28   34
   34    6
   16    7
    7   35
   35   16
    7   28
   28   35
   35    7
   28   33
   33   35
   35   28
   33   16
   16   35
   35   33
   10    8
    8   36
   36   10
   21   25
   25   36
   36   21
   25   10
   10   36
   36   25
    8   32
   32   36
   36    8
   22   21
   21   36
   36   22
   32   22
   22   36
   36   32
    6    1
    1   37
   37    6
   12   25
   25   37
   37   12
   25   33
   33   37
   37   25
   33    6
    6   37
   37   33
    4    8
    8   38
   38    4
    8   10
   10   38
   38    8
   10   12
   12   38
   38   10
   12   37
   37   38
   38   12
   37    1
    1   38
   38   37
   19   23
   23   39
   39   19
   23   18
   18   39
   39   23
   24   19
   19   39
   39   24
